234
190
67
465
472
43
110
208
1
279
330
220
473
105
364
447
187
198
149
113
436
26
302
494
302
163
237
265
153
135
402
171
430
117
12
300
48
296
179
444
42
174
196
36
435
383
397
350
395
230
361
316
176
12
376
143
231
6
447
373
157
74
279
403
58
319
180
364
3
454
441
155
326
321
198
383
65
476
97
43
349
478
166
223
489
368
26
273
141
420
192
308
51
399
298
46
221
84
380
396
71
282
8
233
384
217
384
484
397
289
304
395
48
169
73
393
52
457
435
375
485
27
48
429
417
302
470
282
339
92
320
310
207
118
492
22
454
136
221
401
458
451
361
495
124
109
444
32
359
496
263
40
173
292
347
449
373
218
299
421
91
104
51
270
75
13
34
342
250
102
252
37
35
178
432
53
79
2
267
142
71
107
481
335
144
498
321
94
190
274
12
42
402
146
192
304
80
477
272
314
12
103
71
111
56
345
419
108
289
36
100
337
109
499
34
421
377
62
247
21
135
461
442
360
138
368
419
161
97
223
145
352
34
325
174
163
405
71
345
484
22
318
148
317
492
344
433
297
78
478
53
489
408
50
19
490
399
193
240
85
148
271
271
32
327
57
181
196
204
19
165
394
63
217
241
398
74
381
88
236
92
280
492
444
131
21
285
110
290
324
453
84
455
234
221
270
500
481
232
197
